42,52
42,51
42,50
42,49
42,48
42,47
42,46
42,45
42,44
42,43
42,42
42,41
42,40
42,39
42,38
42,37
42,36
42,35
39,1
39,3
41,1
41,3
40,1
40,3
3,2
10,260
10,117
10,76
10,141
10,103
10,261
10,203
10,2
10,3
11,17
11,13
11,12
11,27
9,2
9,3
8,14
8,10
8,18
8,2
8,3
20,3
20,2
20,1
19,3
19,2
19,1
12,3
12,2
12,1
11,30
11,29
11,28
11,26
11,25
11,24
11,20
11,18
11,14
11,10
11,9
11,8
11,5
11,4
11,3
11,2
18,1
18,3
11,1
10,272
10,193
10,188
10,152
10,138
10,135
10,132
10,121
10,84
10,77
10,1
9,7
9,1
9,5
8,17
8,15
8,9
8,7
8,1
2,1
2,3
